0108202607100178908800120010010000088200108202612
0108202607099324990400120010020000074590000745911
0108202607172305744200120010200000355520003557318
0108202607210032517000120020110000075470000000119
0108202607172305744200120010200000353800003540119
0108202607171431761500120050010000035371234567815
0108202607130933033800120010200000127950001281615
0108202607172286009300120010020000060320767376712
0108202607131261888500120010020000037730000000118
0108202607172078377600120010200000056840000570512
0108202607060333067100120012000000043400000434019
0208202607179028338000120010190165454391654543918
0208202607179028338000120010200164476511644765110
0208202607179028338000120010190165705701657057015
0208202607070200368200120060010000020971234567816
0208202607179028338000120010140166173901661739016
0208202607179028338000120010200164547381645473811
0208202607139015023300120011000000009918030954612
0308202607239002313000120010020000140291234567814
0308202607239002313000120010020000140301234567811
0308202607171526647200120010110000090891234567811
0308202607109172968300120030100001104101234567818
0308202607239002313000120010020000140311234567815
0308202607230019555500120019010000025341234567811
0308202607070330530000120010020000082281234567814
0308202607060207210000120010010000000143566081111
0308202607172305744200120010200000353940003541511
0308202607070220255700120010050000169531234567816
0308202607091411353500120010030000027150000271518
0308202607091411353500120010030000027130000271312
0308202607019511821300120010800000017220000172411
0308202607179009835400120010052009777910000000112
0308202607179009835400120010052009797280000000115
0308202607099004945900120010020213419202134192011
0308202607099004945900120010020213391512133915113
0408202607179009835400120010052009831520000000117
0408202607099000573700121000020252443621307686215
0408202607120628781300120010200000007760000079718
0408202607172078377600120010200000056890000571013
0408202607130722956500120020020000126690001266911
0408202607180110020500120012220000173430001734315
0408202607110359604300120020050000173631234567811
0408202607110359604300120020050000173581234567812
0408202607060197300100120010010000174236352556218
0408202607171644217100120061000000117851234567812
0408202607179170572600120010010001664821234567816
0408202607179170572600120010010001664861234567818
0408202607172078377600120010200000056980000571918
0408202607179170572600120010010001664831234567811
0408202607179170572600120010010001664851234567812
0408202607120319375800120011000000194061234567817
0408202607060333067100120012000000043470000434711
0408202607060232583900120011010000120070001200711
0408202607180282935600120019010000197000000000113
0408202607171104976500120050020000331841234567519
0408202607171104976500120050020000331871234567515
0408202607099004945900120010020213708342137083417
0408202607170920575900120030010000352448365479918
0408202607179009835400120010052009816100000000111
0408202607099004945900120010020213683832136838314
0408202607171325516200120010020000098380769286517
0408202607239002313000120010020000140361234567817
0408202607239002313000120010020000140341234567816
0408202607189173512600120011000000118700001187016
0408202607180110020500120012220000173420001734212
0508202607140031136900120010030000109221234567815
0508202607060333067100120012000000043480000434819
0508202607179170572600120010010001664921234567815
0508202607179229640400120010020000342550011058411
0508202607179170572600120010010001664911234567811
0508202607179170572600120010010001664941234567816
0508202607099004945900120010020213854672138546710
0508202607099000573700121000020252532441308749018
0508202607179009835400120010052009849860000000114
0508202607189173512600120011000000118770001187711
0508202607171351058200120010050000035201234567810
0508202607239002313000120010020000140371234567817
0508202607179171128900120010030000132260001322615
0508202607179252649300120019010000136401234567811
0508202607189173512600120011000000118740001187411
0508202607170682459400120031000000126114445863118
0508202607172305744200120010200000354250003544612
0508202607040168201800120010100000053151234567811
0508202607040168201800120010100000053161234567815
0508202607130278349100120010100000036971234567818
0508202607179001093700120011580039655740396557414
0508202607060232583900120011010000120190001201912
0508202607060185277500120010010000308558365479912
0508202607179001093700120011580039657620396576216
0508202607179170572600120010010001664931234567810
0608202607099004945900120010020213980222139802210
0608202607100178908800120010010000088441008202615
0608202607091246769300120011000000022130000221311
0608202607239002313000120010020000140471234567816
0608202607171733470800120110100000003181234567817
0608202607179258381000120020100000040390000403916
0608202607060333067100120012000000043510000435115
0608202607089174552400120012010000151210000000113
0608202607130971428300120010190000013681202201818
0608202607131194107200120010010000458360004583613
0608202607179001093700120011580039668650396686510
0608202607179009835400120010052009883920000000112
0608202607179001093700120011580039669120396691217
0608202607179001093700120011580039667980396679812
0608202607060197300100120010010000174436354506712
0608202607171422598200120010020000230200608202610
0608202607179130858100120010500000112840000000115
0608202607060232583900120011010000120230001202311
0608202607179170572600120010010001665401234567811
0608202607179170572600120010010001665361234567818
0608202607130751639100120010020000006490000064911
0608202607180183251800120010260010634882113891417
0608202607179170572600120010010001665381234567819
0608202607179170572600120010010001665391234567814
0608202607179001093700120011580039668660396686613
0608202607179170572600120010010001665371234567813
0608202607110266273900120010080000221390002213918
0608202607179170572600120010010001665411234567815
0608202607180110020500120012220000173530001735315
0608202607189173512600120011000000118930001189315
0608202607180252911300120029010000150411234567813
0608202607099000573700121000020252606141309491012
0608202607079000235000120090040008782240000000116
0608202607179260313700120040010000202980011086911
0708202607160022344800120021000000163260001632614
0708202607060246175800120010010000279751234567811
0708202607130480563100120010200000002421234567818
0708202607170852016600120040990000021740000000119
0708202607179170572600120010010001666271234567817
0708202607179170572600120010010001666281234567812
0708202607099333173200120010100000028091234567814
0708202607110359604300120020050000174301234567817
0708202607130722956500120020020000126790001267916
0708202607130642967900120011000000361196250578612
0708202607179208693000120010110000062770000000119
0708202607160021493400120010020000205981600214919
0708202607079015130500120030020000001821234567812
0708202607189173512600120011000000119070001190711
0708202607189173512600120011000000119060001190619
0708202607179170572600120010010001666211234567814
0708202607040168201800120010100000053251234567813
0708202607139176631900120010090000127430001274318
0708202607099000573700121000020252680911310232215
0708202607099004945900120010020214172302141723013
0708202607179009835400120010052009931610000000117
0708202607059173765100120021020000020501234567818
0708202607179009835400120010052009916900000000117
0708202607160021493400120010020000205891600214911
0708202607179217974200120010010000247751234567815
0708202607010181710400120010020000012859846951111
0708202607060246175800120010010000279761234567817
0708202607130933033800120010200000128510001287215
0708202607179260313700120010010000209740011089719
0708202607099000573700121000020252681801310475111
0708202607060333067100120012000000043550000435510
0708202607239002714400120010020000050691234567812
0808202607179028338000120010140166389341663893418
0808202607179028338000120010190165787701657877012
0808202607179028338000120010200164755521647555219
0808202607060232583900120011010000120320001203219
0808202607179028338000120010200164668001646680018
0808202607179028338000120010200164753411647534117
0808202607060197300100120010010000174656355530810
0808202607189173512600120011000000119080001190819
0808202607171978156700120010040000087531234567811
0808202607179028338000120010190165748101657481015
0808202607099000573700121000020252756121310983715
0808202607180171668700120010110000053240000532413
0808202607172305744200120010200000354730003549415
0808202607131081428800120010110000004951234567811
0808202607180171668700120010110000053220000532218
0808202607120118151600120011000000058700000000118
0808202607179028338000120010190165964711659647114
0808202607010229735500120012000000013021031052311
0908202607070359377200120010020000041196631419214
0908202607070359377200120010020000041205337252319
0908202607099272651200120010020000150819087816216
0908202607070359377200120010020000041180032920211
1008202607110359604300120020050000174671234567810
1008202607170672663300120011000000129431234567811
1008202607172026539400120020050000007851234567812
1008202607239002313000120010020000140541234567810
1008202607060238919900120011000000065900000659015
1008202607010520017400120011000000001057143490710
1008202607110250321400120010120000004491234567811
1008202607070139869500120010110000081624718486215
1108202607171757138200120010030000052676220470113
1108202607070278863900120010020000111151234567810
1108202607139176631900120010090000127490001274910
1108202607070315963200120010050000034811234567813
1108202607171757138200120010030000052646220216611
1108202607070315963200120010050000034821234567819
1108202607239002313000120010020000140561234567816
1108202607171320184400120010020210088200032313315
1108202607171320184400120010020210088280032314110
1108202607060207210000120010010000000156719992817
1108202607070278863900120010020000111161234567816
1108202607010219159000120015000000486130000000010
1108202607110294615700120030020000054161190081711
1108202607171733470800120110100000003271234567817
1108202607060246175800120010010000280071234567812
1108202607130719238300120010010000058180000004411
1108202607091411353500120010030000027280000272811
1108202607099037901700120010042009776890000000119
1108202607179009835400120010052009955180000000111
1108202607130933033800120010200000128580001287910
1108202607060333067100120012000000043590000435918
1108202607060246175800120010010000279921234567810
1108202607171104976500120050020000332621234567512
1108202607171501680200120010010000016750240733212
1108202607070658764900120010110000064611190081719
1108202607130520859500120010050000091881234567817
1108202607099004945900120010020214326542143265417
1208202607131160555200120010020000020001234567813
1208202607171325040300120010020000029551234567811
1208202607179009835400120010052009991860000000113
1208202607100178908800120010010000088461208202616
1208202607171104976500120050020000332831234567813
1208202607060131632600120050020000159440601594417
1208202607171501680200120010010000016990241622010
1208202607060131632600120050020000159500601595017
1208202607010380339100120011010000061693218202819
1208202607099000573700121000020252869861311878911
1208202607189173512600120011000000119210001192118
1208202607179171128900120010030000132480001324812
1208202607189173512600120011000000119200001192015
1208202607099004945900120010020214517612145176112
1208202607019511821300120010800000017620000176412
1208202607131042730500120020100000048111234567816
1208202607170892188500120010030000018621234567810
1208202607110359604300120020050000174931234567811
1208202607179276087900120010020000178030001162311
1208202607239063155600120010010000032821234567818
1208202607180035034800120039010000012591234567813
1208202607079175175600120010110000127111190081712
1208202607039101880400120010010000003071384059211
1208202607171501680200120010010000016950241498717
1208202607130093919400120010020000231950125731412
1208202607170926773400120011000000003460241451816
1308202607179170572600120010010001667981234567813
1308202607179170572600120010010001667991234567819
1308202607092487616200120031000000012201234567811
1308202607172571732400120010010000021731234567814
1308202607179170572600120010010001667831234567811
1308202607179170572600120010010001667971234567818
1308202607099004945900120010020214687112146871112
1308202607090096981700120060010000100810009013612
1308202607090096981700120060010000100820009013715
1308202607099000573700121000020252959811313041810
1308202607131261888500120010020000037990000000112
1308202607171552241100120010100000060013710756315
1308202607179009835400120010052010025470000000115
1308202607189180519100120011010000005490000054913
1308202607171431761500120050010000035501234567819
1308202607060333067100120012000000043720000437211
1308202607230031634200120010010000052710000000114
1308202607170682459400120031000000126384871225619
1308202607179170572600120010010001667961234567812
1308202607089174552400120012010000151780000000114
1308202607059173765100120020010000000541234567814
1308202607239002313000120010020000140621234567818
1308202607079176687700120010030000928290000486312
1308202607239002313000120010020000140611234567812
1308202607059173765100120020010000000501234567812
1308202607110359604300120020050000175071234567810
1308202607010226654100120021000000006308442548616
1308202607179170572600120010010001667781234567814
1308202607130722956500120020020000126840001268419
1308202607171580695400120050200000085830000860818
1308202607179170572600120010010001667801234567815
1308202607139176631900120010090000127650001276510
1308202607020106115700120060900000000050000000510
1308202607239063155600120010010000032841234567813
1308202607070287713500120010120000041281190081718
1408202607030092618500120011100000005759990003711
1408202607179258381000120020100000040530000405316
1408202607030092618500120011100000005749990003716
1408202607179199805700120010030000435560029525718
1408202607179258381000120020100000040560000405614
1408202607099004945900120010020214833582148335811
1408202607099312444300120010020000110770001107718
1408202607050248693900120011000000011250000112511
1408202607110191206900120021010000025811234567811
1408202607171011188900120080030000011960126649114
1408202607179199805700120010030000435570029525810
1408202607010380339100120011010000061775711301813
1408202607131078063800120010030000019221234567819
1408202607070220255700120010050000170211234567815
1408202607120374505200120010020000028830000000714
1408202607070220255700120010050000170191234567814
1408202607189173512600120011000000119380001193817
1408202607120374505200120010020000028810000000713
1408202607059173765100120010100000043861234567810
1408202607172286009300120010020000060730776744512
1408202607171320184400120010020210088320032315015
1408202607179009835400120010052010060680000000119
1408202607099247573000120010010001341720013417218
1408202607099000573700121000020253033791314002718
1408202607099000573700121000020253033571313927114
1408202607070287713500120010120000041301190081713
1408202607099000573700121000020253033021313765416
1408202607079175175600120010110000127221190081711
1408202607130751639100120010020000006650000066517
1408202607130480563100120010200000002551234567819
1408202607120374505200120010020000028820000000719
1408202607239063155600120010010000032901234567810
1408202607170852016600120040990000021940000000118
1508202607179028338000120010190166046091660460919
1508202607079171783300120010020000163030000083518
1508202607079171783300120010020000163020000083415
1508202607179028338000120010140166768731667687318
1508202607179028338000120010140166835441668354413
1508202607130722956500120020020000126910001269110
1508202607179028338000120010140166725871667258711
1508202607179028338000120010200165005971650059710
1508202607179028338000120010190166084941660849416
1508202607120614050900120022000000026508298549917
1508202607099000573700121000020253105801314496915
1508202607130342981300120010010000003779876543219
1508202607179028338000120010140166986061669860619
1508202607130342981300120010010000003789876543214
1508202607230073281100120010030000053641234567817
1508202607050121659200120019010000093440000000115
1508202607179028338000120010200164814531648145312
1508202607070387445300120010120000080751190081718
1708202607179217974200120020010000001191234567811
1708202607099004945900120010020215002472150024711
1708202607170810288200120010020000119061708202611
1708202607089179167400120010010000002556050490719
1708202607110359604300120020050000175721234567813
1708202607070160961200120010020000077281234567811
1708202607110359604300120020050000175731234567819
1708202607109172968300120030100001108061234567812
1708202607070160961200120010020000077301234567810
1708202607070160961200120010020000077291234567815
1708202607171733470800120110100000003351234567818
1708202607179009835400120010052010099780000000114
1708202607179282699300120010030000103541234567811
1708202607131194107200120010010000458530004585315
1708202607050121659200120019010000093470000000110
1708202607070283058900120010050000083721234567816
1708202607239002313000120010020000140831234567810
1708202607171320184400120010020210088500032317818
1708202607179004581100120010100000248330002483314
1708202607070283058900120010050000083711234567810
1708202607130714580300120010200000050240000504519
1708202607239002313000120010020000140751234567817
1708202607139176470700120060150000041291234567811
1708202607180110020500120012220000173830001738316
1708202607179004581100120010100000248310002483119
1708202607189173512600120011000000119440001194410
1708202607139176470700120060150000041301234567815
1708202607239002313000120010020000140761234567812
1708202607239063155600120010010000033001234567817
1708202607092487616200120031000000012271234567816
1708202607171104976500120050020000333521234567810
1708202607099333173200120010100000028551234567819
1708202607239003928200120011000000065961234567814
1808202607079000235000120090040008821300000000116
1808202607160021692100120010040000708502013886118
1808202607239002313000120010020000140861234567811
1808202607179009835400120010052010137170000000117
1808202607239002313000120010020000140841234567810
1808202607099255608000120019010000013091234567811
1808202607230019555500120019010000026551234567814
1808202607010226654100120021000000006467600272112
1808202607070220255700120010050000170471234567815
1808202607080148227400120010200009417040094172516
1808202607110191206900120021010000025851234567811
1808202607099004945900120010020215206792152067912
1808202607171954429600120031000000056451234567813
1808202607130933033800120010200000129060001292711
1808202607099000573700121000020253214131315727112
1808202607099000573700121000020253212711315350816
1808202607172071947300120011000000029080000300914
1808202607130933033800120010200000129080001292917
1808202607239002313000120010020000140851234567816
1808202607130722956500120020020000126980001269813
1808202607189179806300120010020000009125183761012
1808202607189179806300120010020000009140870179012
1808202607059173765100120020010000000641234567811
1808202607170825786800120010020000029358513903315
1908202607179009835400120010052010169540000000115
1908202607170852016600120040990000022220000000111
1908202607179170572600120010010001669281234567816
1908202607170639656900120010100000008431234567819
1908202607120073274900120010020000062699674249910
1908202607120503036200120010200000032540000327514
1908202607060246175800120010010000280591234567812
1908202607092782732900120030010000020550000269618
1908202607130060752800120010020000576630005766315
1908202607130060752800120010020000576620005766212
1908202607060246175800120010010000280561234567816
1908202607060333067100120012000000043890000438917
1908202607099285329800120010020000394739846951111
1908202607099000573700121000020253297251316421218
1908202607180110020500120012220000173990001739912
1908202607069171587600120012220000176620001766211
1908202607172078377600120010200000057590000578014
1908202607130677285400120040020000002871234567818
1908202607179170572600120010010001668811234567811
1908202607179170572600120010010001669271234567810
1908202607110294615700120030020000054471190081715
1908202607131081428800120010110000005531234567814
1908202607099004945900120010020215359192153591913
1908202607099284983500120010010000038496226011816
1908202607092782732900120030010000020560000269710
1908202607171104976500120050020000333801234567812
1908202607110359604300120020050000176261234567815
1908202607180110020500120012220000174010001740111
1908202607120503036200120010200000032570000327812
1908202607179170572600120010010001669301234567817
1908202607070285541200120011000000201461234567814
1908202607070285541200120011000000201471234567811
1908202607070285541200120011000000201451234567819
1908202607170639656900120010100000008411234567818
1908202607070658764900120010110000064881190081712
1908202607060246175800120010010000280611234567813
2008202607099004945900120010020215526332155263318
2008202607099000573700121000020253371601317386710
2008202607179001093700120011580039729240397292413
2008202607179001093700120011580039728700397287018
2008202607179266164100120010110000084510000000016
2008202607179170572600120010010001669541234567810
2008202607179001093700120011580039728800397288019
2008202607179004581100120010100000248570002485719
2008202607239002313000120010020000140921234567811
2008202607171501680200120010010000017340244971516
2008202607079184261900120010050000056491234567810
2008202607070492971000120010020000042916363748916
2008202607179301632400120011010000133871603030011
2008202607239002313000120010020000140911234567816
2008202607179001093700120011580039729290397292917
2008202607179009835400120010052010204570000000114
2008202607179001093700120011580039729410397294117
2008202607179001093700120011580039726370397263715
2008202607171149729500120010020000069400000694012
2008202607120651243400120010020000007041234567812
2008202607131261888500120010020000038130000000117
2008202607179170572600120010010001669531234567815
2008202607179170572600120010010001669561234567811
2008202607070139869500120010110000081907115075615
2008202607099000573700121000020253370861317147511
2008202607171562006600120010010000174056394070415
2008202607050227209900120010020000141260000000112
2008202607050105572700120010030000203881504075815
2008202607179301632400120021010000025601456140017
2108202607090688117200120010100000019180906881117
2108202607171566451000120010020000080762118480211
2108202607059173765100120020010000000771234567814
2108202607090688117200120010100000019190906881112
2108202607040168201800120010100000053731234567815
2108202607040168201800120010100000053751234567816
2108202607130943249800120010030000058681234567818
2108202607099000573700121000020253446301317892014
2108202607171325040300120010020000029931234567816
2108202607179276087900120010020000179010001172114
2108202607171594637000120080200000154510001547915
2108202607239000999500120010500000037661234567815
2108202607099000573700121000020253446961318059510
2108202607180282935600120019010000198500000000113
2108202607239000999500120010500000037651234567811
2108202607189173512600120011000000119720001197214
2108202607172078377600120010200000057810000580210
2108202607170555201400120011000000008021234567811
2108202607099004945900120010020215660262156602617
2108202607170555201400120011000000008011234567816
2108202607130642967900120011000000362216265884919
2108202607189173512600120011000000119730001197317
2108202607060246175800120010010000280761234567812
2108202607131261888500120010020000038250000000117
2108202607210069925100120010030000023542013886115
2108202607130060752800120010020000576750005767519
2108202607172132709400120011000000064998365479910
2108202607171104976500120050020000334401234567815
2108202607179009835400120010052010239210000000115
2108202607171325040300120010020000029921234567810
2108202607189173512600120011000000119710001197111
2108202607170459877800120010020000110850001139016
2208202607179028338000120010140167343431673434315
2208202607080148227400120010200009417230094174411
2208202607179028338000120010140167055901670559011
2208202607179028338000120010190166335991663359918
2208202607070220255700120010050000170811234567817
2208202607080148227400120010200009417250094174617
2208202607129179051600120019010000006031234567819
2208202607179028338000120010200165162421651624212
2208202607179028338000120010140167345821673458214
2208202607040168201800120010100000053841234567811
2208202607179028338000120010190166436551664365513
2208202607099000573700121000020253520921318804714
2208202607179028338000120010200165196111651961111
2208202607130751639100120010020000006850000068513
2208202607060333067100120012000000044030000440314
2208202607099000573700121000020253520341318646111
2208202607179028338000120010200165033581650335811
2208202607171297302100120011000000002700000000116
2308202607079175175600120010110000127731190081719
2408202607030092618500120011100000006029990003710
2408202607100162240400120019010000013221234567813
2408202607110359604300120020050000176761234567819
2408202607239002313000120010020000140971234567817
2408202607180171668700120010110000053530000535312
2408202607120104441700120010100000089731234567810
2408202607110359604300120020050000176631234567818
2408202607120393866500120021000000023521234567816
2408202607120253958900120021000000001173085096313
2408202607180171668700120010110000053520000535211
2408202607179036871800120190102000229400000000117
2408202607120104441700120010100000089721234567815
2408202607179170572600120010010001670571234567810
2408202607179199805700120010030000436260029536012
2408202607120393866500120021000000023531234567811
2408202607180282935600120019010000198860000000113
2408202607179009835400120010052010277690000000116
2408202607239003176100120010010000216771234567810
2408202607179171128900120010030000132720001327211
2408202607131194107200120010010000458660004586614
2408202607110359604300120020050000176871234567819
2408202607040140098100120010020000052438765432117
2408202607171757138200120010030000053096228466411
2408202607060246175800120010010000281061234567818
2408202607180171668700120010110000053540000535415
2408202607099037901700120010042010182920000000110
2408202607099004945900120010020215797642157976411
2408202607099004945900120010020215842212158422111
2508202607180110020500120012220000174190001741911
2508202607130631818700120010100000018111234567814
2508202607130677285400120040020000002891234567814
2508202607171104976500120050020000334671234567810
2508202607179009835400120010052010315790000000116
2508202607050157648200120010010000120290001202915
2508202607239063155600120010010000033431234567816
2508202607179252649300120019010000137391234567815
2508202607019039644400120030800000159888160219211
2508202607099000573700121000020253624591319487912
2508202607239005315300120010010000022725000228813
2508202607171978156700120010040000087881234567814
2508202607099000573700121000020253625931319861414
2508202607179170572600120010010001671381234567815
2508202607171320184400120010020210089010032335019
2508202607179171037100120010010000250021234567816
2508202607019036354600120010010000138920000000110
2508202607170852016600120040990000022370000000119
2508202607060246175800120010010000281161234567817
2508202607239000414400120011350000104021234503514
2508202607179170572600120010010001671621234567816
2608202607189173512600120011000000119880001198814
2608202607171325516200120010020000098600784907818
2608202607079000235000120090040008849790000000113
2608202607189175362000120011010000163806087446819
2608202607179009835400120010052010349560000000114
2608202607092487616200120031000000012701234567811
2608202607110191206900120021010000026111234567816
2608202607180110020500120012220000174280001742812
2608202607179170572600120010010001671941234567815
2608202607060333067100120012000000044120000441210
2608202607110294615700120030020000054651190081713
2608202607239000414400120011350000104081234503511
2608202607239002313000120010020000141021234567811
2608202607180110020500120012220000174290001742915
2608202607099252835400120011000000037931234567813
2608202607070285541200120011000000201731234567811
2608202607131219723700120040200000004810000050515
2608202607099000573700121000020253723491320561615
2608202607099000573700121000020253724301320805212
2608202607059173765100120020010000000831234567811
2608202607079184001500120010050000034520044523118
2608202607170689407600120010010000035320000621313
2608202607239004091400120020020000228860002289018
2608202607060333067100120012000000044140000441416
2608202607139176631900120010090000128160001281615
2608202607060246175800120010010000281411234567818
2608202607172571732400120010010000022541234567811
2608202607110191206900120021010000026121234567811
2608202607179170572600120010010001671981234567817
2608202607239063155600120010010000033561234567811
2608202607179170572600120010010001671971234567811
